yake1 : 0.045118583378910664
yake3 : 0.03172485258032359
yake5 : 0.06005158784842297
