yake1 : 0.06385564597491072
yake3 : 0.06427950108759217
yake5 : 0.06427181437205604
